13,0
12,0
11,0
10,0
9,0
8,0
6,0
4,3
4,1
4,0
2,136
2,98
2,28
2,20
2,16
2,13
2,12
2,11
2,10
2,9
2,8
2,7
2,6
2,5
2,3
2,1
2,0
1,11
1,6
1,5
1,3
1,1
1,0
0,876
0,874
0,872
0,870
0,767
0,765
0,564
0,555
0,469
0,466
0,465
0,464
0,463
0,461
0,460
0,453
0,449
0,448
0,379
0,355
202,1
202,12035
202,146
202,3
0,757
0,470
202,0
0,325
0,9
0,310
0,305
0,1128
0,568
0,372
0,493
0,727
0,704
0,766
0,569
0,441
0,411
0,370
0,324
0,323
0,468
0,474
0,509
0,309
0,741
0,527
0,522
0,434
0,505
0,476
0,455
0,454
0,452
0,450
0,484
0,1112
0,538
0,447
0,306
0,1118
0,348
0,1114
0,728
0,1132
0,1131
0,475
0,495
0,746
0,747
0,308
0,304
0,303
0,302
0,307
0,462
0,12
0,354
0,10
0,483
0,8
0,0
0,755
0,300
0,539
0,299
0,561
0,298
0,754
0,297
0,301
0,296
0,560
0,295
0,357
0,294
0,353
0,293
0,559
0,292
0,352
0,291
0,351
0,290
0,558
0,289
0,350
0,288
0,349
0,287
0,557
0,286
0,347
0,285
0,346
0,284
0,556
0,283
0,345
0,282
0,344
0,281
0,554
0,280
0,343
0,279
0,342
0,278
0,553
0,277
0,339
0,276
0,337
0,275
0,552
0,274
0,336
14,0
15,0
17,0
18,0
20,0
21,0
22,3
24,0
24,1
26,0
27,0
29,0
30,1
30,3
32,0
33,0
35,0
36,0
36,3
38,0
39,0
41,0
41,3
43,0
43,3
44,0
44,3
45,0
47,0
47,1
48,0
48,3
49,0
51,0
51,1
52,0
53,3
54,0
54,3
55,0
55,3
56,0
56,3
57,1
57,3
58,1
58,3
59,1
60,0
60,1
61,0
61,1
62,0
62,3
63,0
63,3
64,0
64,3
65,0
65,3
66,1
66,3
67,1
67,3
68,1
69,0
69,1
70,0
70,1
71,0
71,1
72,0
72,3
73,0
73,3
74,0
74,3
75,1
75,3
76,1
76,3
77,1
77,3
78,1
79,0
79,1
80,0
80,1
81,0
81,3
82,0
82,3
83,0
83,3
84,1
84,3
85,1
85,3
86,1
86,3
87,1
88,0
88,1
89,0
89,1
90,0
90,3
91,0
91,3
92,0
92,3
93,0
93,3
94,1
94,3
95,1
95,3
96,1
97,0
97,1
98,0
98,1
99,0
99,1
100,0
100,3
101,0
101,3
102,0
102,3
103,1
103,3
104,1
104,3
105,1
105,3
106,1
107,0
107,1
108,0
108,1
109,0
109,3
110,0
110,3
111,0
111,3
112,1
112,3
113,1
113,3
114,1
114,3
115,1
116,0
116,1
117,0
117,1
118,0
118,3
119,0
119,3
120,0
120,3
121,0
121,3
122,1
122,3
123,1
123,3
124,1
125,0
125,1
126,0
126,1
127,0
127,1
128,0
128,3
129,0
129,3
130,0
130,3
131,1
131,3
132,1
132,3
133,1
134,0
134,1
135,0
135,1
136,0
136,1
137,0
137,3
138,0
138,3
139,0
139,3
140,1
140,3
141,1
141,3
142,1
142,3
143,1
144,0
144,1
145,0
145,1
146,0
146,3
147,0
147,3
148,0
148,3
149,0
149,3
151,0
152,0
154,0
155,0
155,3
156,1
156,3
158,0
159,0
161,0
162,0
162,3
163,1
163,3
164,3
165,0
167,0
168,0
169,0
171,0
171,3
172,3
174,0
175,0
177,0
178,0
178,3
179,0
180,1
181,0
181,1
182,0
183,0
185,0
186,0
187,0
189,0
190,0
192,0
193,0
193,3
194,1
194,3
196,0
196,1
197,0
197,3
198,0
200,0
200,1
201,0
201,1
203,0
205,0
205,3
207,0
207,3
2203,1
2204,3
2205,1
2206,1
2206,3
2207,1
2208,0
2208,1
2209,1
2210,0
2210,3
2211,0
2211,3
2212,1
2212,3
2213,1
2214,1
2215,1
2216,0
2217,0
2218,1
2219,1
2220,1
2467,1
2468,1
2470,1
2470,3
2472,1
2472,3
2473,3
2475,3
2476,1
2477,1
2477,3
2479,1
2480,1
2482,1
2484,1
2485,1
2486,1
2488,1
2489,1
2490,1
2490,3
2493,1
2494,1
2496,3
2498,3
2499,1
2501,1
2501,3
2504,1
2504,3
2507,1
2509,1
2509,3
2511,1
2511,3
2512,3
2514,1
2514,3
2516,1
2517,1
2518,1
2518,3
2520,1
2521,1
2521,3
2523,1
2523,3
2524,3
2525,3
2526,1
2527,1
2527,3
2529,1
2529,3
2531,1
2532,1
2532,3
2533,3
2534,1
2535,1
2536,1
2536,3
2538,1
2538,3
2539,3
2540,1
2541,1
2542,1
2542,3
2543,3
2544,1
2546,1
2547,1
2547,3
2548,3
2549,1
2550,1
2551,1
2551,3
2553,1
2554,1
2555,3
2556,1
2557,1
2558,1
2558,3
2559,3
2560,1
2561,1
2563,1
2564,1
2565,1
2565,3
2566,3
2567,1
2569,1
2570,3
2571,1
2572,3
2573,1
2574,1
2575,3
2576,1
2577,1
2577,3
2579,1
2580,1
2581,1
2582,3
2583,1
2584,1
2584,3
2585,3
2586,3
2587,1
2588,1
2588,3
2589,3
2591,1
2592,1
2593,1
2593,3
2594,3
2595,1
2596,1
2597,1
2598,1
2599,1
2600,1
2601,3
2602,3
2603,1
2604,1
2604,3
2605,3
2606,1
2607,1
2608,1
2608,3
2609,3
2610,1
2612,1
2614,1
2615,1
2616,1
2616,3
2617,3
2618,1
2619,1
2620,1
2620,3
2621,3
2622,1
2623,1
2624,1
2624,3
2625,3
2626,1
2627,1
2627,3
2629,1
2630,1
2630,3
2631,3
2632,1
2634,1
2635,1
2635,3
2637,1
2638,1
2640,1
2641,1
2641,3
2642,3
2643,1
2645,1
2646,1
2647,3
2649,1
2649,3
2650,3
2651,1
2653,1
2655,1
2655,3
2657,1
2658,1
2659,3
2660,1
2661,1
2662,1
2662,3
2663,3
2664,1
2665,1
2667,1
2668,1
2669,1
2669,3
2670,3
2671,1
2672,1
2673,1
2673,3
2675,1
2675,3
2676,3
2677,3
2678,1
2679,3
2680,1
2681,1
2683,1
2683,3
2684,3
2685,1
2686,1
2686,3
2687,3
2689,1
2690,1
2691,3
2692,1
2693,1
2694,1
2694,3
2695,3
2696,1
2698,1
2698,3
2699,3
2700,3
2701,1
2702,1
2702,3
2703,3
2705,1
2705,3
2707,1
2708,1
2709,3
2710,1
2711,1
2713,1
2713,3
2714,3
2715,1
2716,1
2717,1
2717,3
2719,1
2719,3
2720,3
2721,1
2723,1
2724,1
2724,3
2725,3
2726,1
2727,1
2729,1
2730,1
2731,1
2731,3
2732,3
2733,3
2734,1
2735,1
2735,3
2737,1
2738,1
2740,1
2741,1
2741,3
2742,3
2743,1
2744,1
2745,1
2746,1
2747,1
2747,3
2748,3
2749,1
2750,1
2751,1
2752,1
2754,1
2755,1
2756,1
2757,1
2757,3
2758,3
2759,1
2760,1
2760,3
2761,3
2762,3
2763,1
2764,1
2765,1
2767,1
2768,3
2769,1
2770,1
2770,3
2771,3
2772,3
2773,1
2775,1
2776,1
2777,3
2778,1
2779,1
2781,1
2782,1
2783,3
2784,1
2785,1
2786,1
2786,3
2787,3
2788,1
2789,1
2790,1
2792,1
2793,1
2793,3
2794,3
2795,1
2796,1
2797,1
2797,3
2799,1
2800,1
2801,3
2802,1
2803,1
2804,1
2804,3
2805,3
2806,1
2807,1
2809,1
2810,1
2811,3
2812,1
2813,1
2815,1
2816,1
2817,3
2818,1
2819,1
2819,3
2820,3
2821,3
2822,1
2824,1
2825,1
2826,3
2827,3
2828,1
2829,1
2829,3
2830,3
2831,1
2832,1
2834,1
2835,1
2836,1
2836,3
2837,3
2838,3
2839,1
2840,1
2840,3
2842,1
2843,1
2844,3
2845,3
2846,1
2847,1
2848,1
2850,1
2851,1
2851,3
2852,3
2853,1
2854,1
2854,3
2855,3
2857,1
2858,1
2859,3
2860,1
2861,1
2862,1
2863,1
2865,1
2866,1
2867,1
2868,1
2868,3
2869,3
2870,1
2871,1
2872,1
2874,1
2875,3
2876,1
2877,1
2877,3
2879,1
2881,1
2881,3
2882,3
2883,1
2885,1
2886,1
2887,3
2888,3
2889,1
2890,1
2890,3
2891,3
2893,1
2894,1
2896,1
2896,3
2897,3
2898,1
2899,1
2900,1
2900,3
2901,3
2902,1
2904,1
2905,3
2906,1
2907,1
2907,3
2908,3
2909,3
2910,1
2911,1
2911,3
2912,3
2913,1
2914,1
2915,1
2915,3
2916,3
2917,1
2919,1
2920,3
2921,1
2922,1
2922,3
2923,3
2924,1
2925,1
2926,1
2927,1
2929,1
2930,1
2931,1
2932,1
2932,3
2933,3
2934,1
2935,1
2935,3
2937,1
2939,1
2939,3
2940,3
2941,1
2942,1
2943,1
2943,3
2945,1
2945,3
2946,3
2947,1
2948,1
2949,1
2949,3
2950,3
2951,1
2953,1
2954,3
2955,1
2956,1
2956,3
2957,3
2958,3
2959,1
2960,1
2961,1
2963,1
2963,3
2964,3
2965,3
2966,1
2967,1
2967,3
2968,3
2970,1
2971,1
2973,1
2973,3
2974,3
2975,1
2976,1
2977,1
2978,1
2979,3
2980,1
2981,1
2982,1
2982,3
2983,3
2984,1
2985,1
2986,1
2988,1
2990,1
2991,1
2992,1
2992,3
2993,3
2994,3
2995,1
2996,1
2996,3
2998,1
3000,1
3001,1
3002,1
3002,3
3003,3
3004,1
3005,1
3006,1
3006,3
3008,1
3009,1
3010,3
3011,3
3012,1
3013,1
3014,1
3016,1
3016,3
3017,3
3018,3
3019,1
3020,1
3020,3
3021,3
3023,1
3024,1
3025,3
3026,1
3027,1
3027,3
3028,3
3029,3
3030,1
3031,1
3032,1
3034,1
3035,3
3036,1
3037,1
3037,3
3038,3
3039,1
3040,1
3041,1
3041,3
3042,3
3043,1
3045,1
3046,3
3047,1
3048,1
3048,3
3049,3
3050,3
3051,1
3052,1
3053,1
3055,1
3056,1
3057,1
3058,1
3058,3
3059,3
3060,1
3061,1
3062,1
3063,1
3065,1
3065,3
3066,3
3067,1
3068,1
3069,1
3069,3
3070,3
3071,1
3073,1
3074,3
3075,1
3076,1
3076,3
3078,1
3079,1
3080,3
3081,3
3082,1
3083,1
3083,3
3084,3
3085,3
3086,1
3088,1
3089,1
3090,1
3091,1
3091,3
3092,3
3093,1
3094,1
3094,3
3096,1
3098,1
3099,1
3100,1
3100,3
3101,3
3102,3
3103,1
3104,1
3104,3
3106,1
3107,1
3108,3
3109,3
3110,1
3112,1
3113,1
3114,3
3115,3
3116,1
3117,1
3117,3
3118,3
3119,1
3120,1
3122,1
3123,1
3124,1
3124,3
3125,3
3126,3
3127,1
3128,1
3128,3
3130,1
3132,1
3133,1
3134,1
3134,3
3135,3
3136,1
3137,1
3138,1
3139,1
3141,1
3142,1
3143,1
3144,1
3144,3
3145,3
3146,1
3147,1
3147,3
3149,1
3151,1
3151,3
3152,3
3153,1
3154,1
3155,1
3155,3
3156,3
3157,1
3159,1
3160,1
3161,1
3162,1
3162,3
3163,3
3164,1
3165,1
3166,1
3167,1
3169,1
3170,1
3171,1
3171,3
3172,3
3173,3
3174,1
2314,0
0,901
2314,3
1,13
2,83
2315,3
2315,1
2316,3
2317,0
2317,3
2,87
2318,0
2318,1
2319,0
2319,3
2320,0
2320,3
2,88
2321,0
2321,1
2322,3
2322,1
2323,3
2323,1
2324,0
0,904
2324,1
0,416
2325,3
2326,0
2326,3
2327,0
2327,1
2,90
2328,3
2328,1
0,905
2329,3
2330,0
2330,1
2,91
2331,3
2331,1
2332,3
2333,0
2333,3
2,92
2334,0
2334,3
2335,0
2335,3
2336,0
2336,3
2337,0
2337,3
2,93
2338,3
2338,1
0,907
2339,3
2340,0
2340,1
2,94
2341,3
2341,1
2342,3
2342,1
2343,3
2,95
2344,0
2344,3
2344,1
2345,3
2346,0
2346,3
2347,0
2347,3
2,96
2348,0
2348,1
278,3
278,1
2,82
388,0
388,3
390,0
390,3
1,16
2,128
2203,3
1,19
2205,0
2208,3
2209,3
2213,3
2214,0
2,134
2216,1
0,875
2218,0
2218,3
2220,0
2221,0
2221,3
2222,0
2222,3
2223,0
2223,3
2224,0
2224,3
2224,1
2225,3
2225,1
2226,3
2227,0
2227,3
2228,0
0,878
2228,1
2229,0
2229,1
2230,3
2230,1
0,879
2231,3
2232,0
2233,0
2233,3
2234,0
2234,3
2235,0
0,880
2235,1
2236,3
2236,1
2237,3
2237,1
0,881
2238,1
2239,0
2239,1
2240,0
2240,1
2241,3
2241,1
0,882
2242,3
2243,0
2243,3
2244,0
2244,1
2245,0
2245,3
2245,1
2246,3
2247,0
2247,3
2248,0
2248,3
2249,0
0,884
2249,1
2250,3
2250,1
2251,3
2251,1
2252,0
2252,1
2253,0
2253,3
2253,1
2254,3
2254,1
2255,3
2256,0
0,886
2256,1
2257,0
2257,1
2258,3
2258,1
2259,3
2259,1
0,887
2260,3
2261,0
2261,1
2262,0
2262,1
2263,0
2263,3
2264,0
2264,3
2265,0
2265,3
2266,0
2266,1
2267,0
2267,3
2267,1
2268,3
2268,1
2269,3
2270,0
2270,3
2271,0
0,890
2271,1
2272,3
2272,1
2273,3
2273,1
0,891
2274,3
2275,0
2275,1
2276,0
2276,1
2277,0
2277,1
0,892
2278,3
2279,0
2279,3
2280,0
2280,3
2281,0
2281,3
2281,1
2282,3
2282,1
2283,3
2284,0
2284,3
2285,0
0,894
2285,1
2286,3
2286,1
2287,3
2287,1
0,895
2288,3
2289,0
2289,1
2290,0
2290,1
2291,0
2291,1
0,896
2292,3
2293,0
2293,3
2294,0
2294,3
2295,0
2295,1
2296,0
2296,3
2296,1
2297,3
2298,0
2298,3
2299,0
0,898
2299,1
2300,0
2300,1
2301,3
2301,1
2302,3
2302,1
0,899
2303,1
2304,0
2304,1
2305,0
2305,1
0,900
2306,3
2307,0
2307,3
2308,0
2308,3
2309,0
2309,1
2310,0
2310,1
2311,0
2311,1
2312,3
2312,1
2313,3
2313,1
0,909
2350,3
1,14
2351,0
2351,3
2352,0
2352,3
2353,0
2353,1
2354,0
2354,3
2354,1
2355,3
2355,1
2356,3
2357,0
0,911
2357,1
2358,0
2358,1
2359,3
2359,1
2360,3
2360,1
0,912
2361,3
2362,0
2362,1
2363,0
2363,1
2364,0
2364,3
2365,0
2365,3
2366,0
2366,3
2367,0
2367,1
2368,0
2368,3
2368,1
2369,3
2369,1
2370,3
2371,0
2371,3
2372,0
0,915
2372,1
2373,3
2373,1
2374,3
2374,1
0,916
2375,3
2376,0
2376,1
2377,0
2377,1
2378,0
2378,1
0,917
2379,3
2380,0
2380,3
2381,0
2381,3
2382,0
2382,3
2382,1
2383,0
2383,3
2384,0
2384,1
2385,0
2385,1
2386,0
2386,3
2387,0
2387,3
2388,0
2388,3
2389,0
0,920
2389,1
2390,3
2390,1
2391,3
2391,1
2392,3
2393,0
0,921
2393,1
2394,0
2394,1
2395,0
2395,1
2396,3
2396,1
0,922
2397,3
2398,0
2398,1
2399,0
2399,1
2400,0
2400,3
2400,1
2401,3
2402,0
2402,3
2403,0
2403,3
2404,0
2404,3
2404,1
2405,3
2405,1
0,420
2406,3
2407,0
2407,3
2407,1
2408,3
2408,1
2409,3
2410,0
2410,3
2411,0
0,926
2411,1
2412,3
2412,1
2413,3
2413,1
2414,3
2414,1
0,927
2415,1
2,112
2416,3
2416,1
2417,3
2418,0
0,928
2418,1
2419,0
2419,1
2420,0
2420,1
2421,3
2421,1
0,929
2422,3
2423,0
2423,1
2424,0
2424,1
2425,0
2425,3
2425,1
2426,3
2427,0
2427,3
2428,0
2428,3
2429,0
2429,3
2429,1
2430,3
2430,1
2431,3
2432,0
0,932
2432,1
2433,0
2433,1
2434,0
2434,1
2435,3
2435,1
0,933
2436,3
2437,0
2437,1
2438,0
2438,1
2439,0
2439,1
2440,0
2440,3
2441,0
2441,3
2442,0
2442,3
2443,0
2443,3
2443,1
2444,3
2444,1
2445,3
2445,1
2446,3
2447,0
0,936
2447,1
2448,0
2448,1
2449,0
2449,3
2450,0
0,937
2450,1
2451,0
2451,1
2452,3
2452,1
2453,3
2453,1
0,938
2454,1
2455,0
2455,1
2456,0
2456,1
2457,3
2457,1
0,939
2458,3
2459,0
2459,3
2460,0
2460,1
2461,0
2461,3
2461,1
2462,3
392,0
0,327
392,1
1,7
2,21
393,0
393,1
394,3
394,1
395,3
395,1
0,328
396,1
397,0
397,1
398,0
398,1
399,0
399,3
400,3
400,1
401,3
401,1
402,3
403,0
0,330
403,1
404,0
404,1
405,3
405,1
406,3
406,1
0,331
407,3
408,0
408,1
409,0
409,1
410,0
410,3
411,0
411,3
412,0
412,3
413,0
413,3
414,0
414,3
414,1
415,3
415,1
416,3
417,0
0,335
417,1
418,0
418,1
419,0
419,1
420,3
420,1
0,338
421,3
2,22
422,3
422,1
423,3
423,1
424,3
425,0
0,340
425,3
425,1
426,3
426,1
427,3
428,0
0,341
428,1
429,0
429,1
430,3
430,1
431,3
431,1
0,640
432,3
433,0
433,1
434,0
434,1
435,0
435,3
436,0
436,3
437,0
437,3
438,0
438,3
439,0
439,3
439,1
440,3
440,1
441,3
442,0
0,643
442,1
443,0
443,1
444,0
444,1
445,3
445,1
0,644
446,3
447,0
447,1
448,0
448,1
449,0
449,1
0,645
450,3
451,0
451,3
452,0
452,3
453,0
453,3
453,1
454,3
454,1
455,0
455,1
456,0
456,1
457,0
457,3
457,1
458,3
459,0
459,3
460,0
0,648
460,1
461,3
461,1
462,3
462,1
463,3
463,1
0,649
464,1
465,0
465,1
466,0
466,1
467,3
467,1
0,650
468,3
469,0
469,1
470,0
470,1
471,0
471,3
471,1
472,3
473,0
473,3
474,0
474,3
475,0
475,3
475,1
476,3
476,1
477,3
477,1
0,653
478,1
479,0
479,1
480,0
480,1
481,3
481,1
0,654
482,3
483,0
483,3
484,0
484,1
485,0
485,3
485,1
486,3
487,0
487,3
488,0
488,3
489,0
0,656
489,1
490,3
490,1
491,3
491,1
492,3
493,0
0,657
493,1
494,0
494,1
495,3
495,1
0,658
496,3
497,0
497,3
498,0
498,1
499,0
499,1
500,0
500,3
501,0
501,3
502,0
502,3
503,0
0,660
503,1
504,3
504,1
505,3
505,1
2,25
506,3
506,1
507,3
507,1
0,661
508,3
509,0
509,1
510,0
510,1
511,0
511,1
512,3
512,1
0,662
513,3
514,0
514,1
515,0
515,1
516,0
516,1
517,0
517,1
518,3
518,1
0,663
519,3
520,3
521,0
521,3
522,0
522,3
523,0
523,3
524,0
524,3
525,0
525,1
526,0
526,1
527,3
527,1
528,3
528,1
0,665
529,3
